Main_Page	:	0.0912147810403
Uranium	:	0.0421775679911
Digital_object_identifier	:	0.0274615576872
International_Standard_Book_Number	:	0.0240176693742
National_Diet_Library	:	0.0174805070147
PubMed_Identifier	:	0.0148531508604
Wayback_Machine	:	0.0145274008286
United_States	:	0.0120241110352
Japan	:	0.00998220602831
European_Union	:	0.00875053790542
Renewable_energy	:	0.00602748787439
California	:	0.00541454398594
Nuclear_power	:	0.00519526340345
Handle_System	:	0.00519173169044
United_Kingdom	:	0.00515581693166
Euro	:	0.0050266555662
France	:	0.00495028091337
Germany	:	0.00435506860193
Hydrogen	:	0.00420446680928
JSTOR	:	0.00413837705789
Coal	:	0.00395961543507
Oxygen	:	0.00365716241105
Efficient_energy_use	:	0.00340600533946
Electricity	:	0.00340255408306
Italy	:	0.00322651510084
Natural_gas	:	0.00320461936133
Wind_power	:	0.00314598354958
Netherlands	:	0.00306837441491
Biofuel	:	0.00299535386637
Thorium	:	0.00297897848286
Climate_change	:	0.00295103672382
Carbon_dioxide	:	0.00292735192474
Spain	:	0.00292387619174
Biomass	:	0.00286311629441
Plutonium	:	0.00286171732454
Brazil	:	0.00274873662102
Fossil_fuel	:	0.00274163232542
Actinide	:	0.00271280137146
Portugal	:	0.00263813371782
Global_warming	:	0.00262864594
Greenhouse_gas	:	0.00259559285399
Israel	:	0.00255577088358
Radioactive_waste	:	0.00254596102551
Petroleum	:	0.00252486698667
Sustainability	:	0.00249928390679
Hydroelectricity	:	0.00246223755534
Nuclear_proliferation	:	0.00245102544452
Nuclear_power_plant	:	0.00239571755153
Solar_energy	:	0.00235407948984
Denmark	:	0.00234503755619